init_data: [5, 14.98, 1.3320399999999983, 7.77542, 19.02706897]
filter_threshold: 0.6
